mode |  affinity1  |    CNN     |   CNN
     | (kcal/mol) | pose score | affinity
-----+------------+------------+----------
    1       -0.95       0.9277      2.325
    2       -0.73       0.9216      2.183
    3       -0.79       0.9214      2.143
    4       -0.70       0.9210      2.142
    5       -0.67       0.9167      2.109
    6       -0.74       0.9162      2.350
    7       -0.85       0.9085      2.137
    8       -0.68       0.9076      2.117
    9       -0.71       0.9038      2.377
   10       -0.83       0.9017      2.291
   11       -0.83       0.9016      2.074
   12       -0.75       0.9007      2.143
   13       -0.77       0.8998      2.021
   14       -0.71       0.8998      2.297
   15       -0.66       0.8989      2.116
   16       -0.78       0.8987      2.438
   17       -0.83       0.8983      2.198
   18       -0.69       0.8982      2.666
   19       -0.83       0.8981      2.275
   20       -0.77       0.8979      2.209
   21       -0.85       0.8973      2.306
   22       -0.67       0.8964      2.055
   23       -0.76       0.8960      2.088
   24       -0.69       0.8930      2.220
   25       -0.69       0.8927      2.271
   26       -1.03       0.8922      2.621
   27       -0.74       0.8922      2.419
   28       -0.84       0.8909      2.203
   29       -0.68       0.8896      2.066
   30       -0.69       0.8881      2.252
   31       -0.86       0.8872      2.260
   32       -0.81       0.8860      2.451
   33       -0.71       0.8843      2.049
   34       -1.01       0.8841      2.132
   35       -0.84       0.8836      2.446
   36       -0.71       0.8834      2.147
   37       -0.73       0.8829      2.275
   38       -0.66       0.8825      2.235
   39       -0.87       0.8818      2.231
   40       -0.95       0.8799      1.939
   41       -0.93       0.8790      2.498
   42       -1.01       0.8772      2.377
   43       -0.70       0.8761      2.284
   44       -1.10       0.8759      2.389
   45       -0.77       0.8751      2.290
   46       -0.72       0.8741      2.362
   47       -0.77       0.8734      2.042
   48       -0.77       0.8728      2.378
   49       -0.94       0.8720      2.864
   50       -0.93       0.8707      2.174
   51       -0.82       0.8671      2.282
   52       -0.74       0.8666      2.312
   53       -0.97       0.8642      2.752
   54       -1.07       0.8633      2.289
   55       -0.68       0.8618      2.405
   56       -1.24       0.8604      2.556
   57       -0.97       0.8603      2.496
   58       -0.74       0.8601      2.095
   59       -1.02       0.8593      2.963
   60       -0.80       0.8563      2.568
   61       -0.84       0.8562      2.235
   62       -0.87       0.8562      2.225
   63       -0.86       0.8559      2.441
   64       -0.91       0.8527      2.483
   65       -0.72       0.8523      2.091
   66       -1.14       0.8523      3.486
   67       -1.04       0.8517      3.309
   68       -1.06       0.8485      2.281
   69       -1.18       0.8470      2.694
   70       -1.20       0.8448      2.328
   71       -0.73       0.8440      2.017
   72       -1.14       0.8439      2.669
   73       -0.75       0.8425      2.138
   74       -0.99       0.8418      2.184
   75       -0.86       0.8409      2.933
   76       -1.17       0.8398      2.359
   77       -0.88       0.8376      2.785
   78       -1.08       0.8370      2.214
   79       -1.11       0.8360      3.464
   80       -1.09       0.8344      2.708
   81       -0.87       0.8342      2.258
   82       -0.87       0.8340      2.118
   83       -1.13       0.8313      2.685
   84       -0.82       0.8310      2.727
   85       -1.16       0.8302      2.493
   86       -1.27       0.8302      3.043
   87       -0.76       0.8269      2.378
   88       -0.96       0.8269      3.304
   89       -1.42       0.8218      2.768
   90       -1.28       0.8213      2.968
   91       -0.99       0.8203      2.792
   92       -0.87       0.8125      2.407
   93       -1.02       0.8122      3.211
   94       -0.96       0.8104      2.172
   95       -1.31       0.8073      3.550
   96       -1.14       0.8042      3.422
   97       -0.98       0.7919      2.372
   98       -0.75       0.7429      3.365
   99       -0.80       0.7216      2.686

